1000.0 9.70964336260723e-25
843.6736721624843 3.650630301422985e-20
711.7852651001311 2.8879013687645494e-16
600.514488398175 6.659984352174188e-13
506.6382636136639 4.595496398200744e-10
427.43736432096637 1.0783237542083698e-07
360.61765077612336 1.0645784812349108e-05
304.2436176769003 0.0005223761919857546
256.68233015746944 0.014367241572075843
216.55612406317545 0.2434795253379004
182.70270041765377 2.747553180960028
154.14145817536422 22.004901405358694
130.04509005129006 131.81669420329774
109.71561867027283 616.8798910347632
92.56417889712792 2339.029915125072
78.09396072084505 7410.307237089775
65.88581861506815 20133.502892860655
55.58613053440591 47961.78405839214
46.89655486926544 102081.85887459529
39.56538865832268 197272.26238643736
33.38027673990301 350922.67496996326
28.162060654953933 581384.4575317502
23.75958912842765 906041.9390864078
20.045339809052397 1339553.1878209542
16.91172544644807 1892546.0608904548
14.267977510008572 2570823.970507982
12.037516980200671 3375121.4152709246
10.15573615440418 4301345.073453538
8.568127214899482 5340934.6688971
7.228703350949566 6481216.863033729
6.098666701068889 7705997.321793281
5.145284530985853 8996313.261531392
4.340941094577661 10331345.670226589
3.662337713903369 11689718.68703624
3.0898179077880137 13050882.992468514
2.6067980205769232 14396215.910806073
2.199286858606028 15709515.475006077
1.8554804201388422 16977172.66026005
1.5654199796841293 18188217.648388654
1.3207036227366309 19334207.345891744
1.1142428752325098 20409154.692244817
0.9400573782282965 21408963.71539527
0.7931016603333043 22332322.4398852
0.6691189901715636 23180402.85740763
0.5645180755516963 23955441.857230425
0.4762690378027984 24660763.727868922
0.40181564806038084 25300308.55748735
0.3390012833314499 25878262.87496613
0.28600645757603915 26398821.194770806
0.24129611832536074 26866073.003192898
0.20357518222611043 27283973.81745562
0.17175102154984984 27656357.1571116
0.1449018150486198 27986948.058841668
0.12224984640507819 28279367.79176785
0.10313897683787222 28537129.822508667
0.08701563933188906 28763615.546179466
0.07341280397070114 28962044.393381264
0.06193644990970605 29135467.645715483
0.05225415213602948 29286716.08263
0.044085452418341206 29418368.783539817
0.0371937355307264 29532744.73766064
0.03137937543664821 29631904.487369385
0.02647395290480231 29717681.089626312
0.022335377063851233 29791717.357406516
0.018843769586593097 29855468.110737465
0.01589799228450474 29910218.76780204
0.013412717530678957 29957124.736423314
0.011315956652786067 29997207.438226018
0.009546974703287517 30031375.45365665
0.008054531205964922 30060437.728634678
0.006795395920083764 30085116.46500104
0.005733096629695033 30106052.257545967
0.004836862686437171 30123807.098717876
0.004080733704412147 30138869.129510134
0.003442807589518614 30151658.725245956
0.0029046061215980464 30162535.533535607
0.0024505397127942553 30171804.399087302
0.002067455838273129 30179722.50146443
0.0017442580591096614 30186505.74247612
0.0014715846019280557 30192334.848357745
0.0012415371850064104 30197361.15161255
0.0010474522360006322 30201711.414248887
0.0008837078743614585 30205492.03320703
0.0007455610674814366 30208792.267459493
0.0006290102436234454 30211687.06875653
0.000530679382065611 30214239.437562764
0.000447720223008213 30216502.365854967
0.0003777297646467455 30218520.432734102
0.0003186806576245907 30220331.09237321
0.00026886248066529384 30221965.92149634
0.00022683219636960338 30223452.271934267
0.00019137235207582543 30224815.954975333
0.00016145581502618347 30226085.400542133
0.00013621602035512702 30227296.421533834
0.00011492187010036997 30228495.432207443
9.695655615935915e-05 30229738.470042944
8.179969377519466e-05 30231085.03241134
6.90122480290852e-05 30232588.317075927
5.8223816718886485e-05 30234285.334673375
4.912190125853851e-05 30236190.298210762
4.144285481839414e-05 30238293.146135632
3.49642455095313e-05 30240563.024011984
2.9498413403416982e-05 30242955.184025362
2.488703475902785e-05 30245419.35375507
2.099653600438442e-05 30247907.99036923
1.7714224633510818e-05 30250383.43585858
1.4945024946065211e-05 30252823.42326271
1.2608724076806795e-05 30255224.470313318
1.063764854316312e-05 30257602.61081322
8.974704009584349e-06 30259991.148317963
7.5717214883374e-06 30262436.12636288
6.388062072657206e-06 30264992.23293036
5.389439786840596e-06 30267723.80781985
4.5469284558624015e-06 30270714.82319119
3.836123827417527e-06 30274085.79741671
3.2364366763473497e-06 30278006.953769896
2.7304964154553143e-06 30282693.19602125
2.3036479376536947e-06 30288373.39886601
1.943527114929826e-06 30295240.71374057
1.6397026580002055e-06 30303401.772101812
1.3833739627296195e-06 30312843.54143521
1.1671161911100658e-06 30323427.92320975
9.84665202794121e-07 30334912.73521066
8.307361074919334e-07 30346989.372260783
7.008701824056906e-07 30359325.229707208
5.913057204993992e-07 30371601.17504507
4.988690685844118e-07 30383538.575939383
4.2088269902088894e-07 30394914.609612335
3.55087652232611e-07 30405567.218925595
2.995781034986421e-07 30415392.58186829
2.527461586781722e-07 30424337.799080662
2.1323527981697548e-07 30432391.486451074
1.799009915577826e-07 30439573.9337051
1.5177773017322716e-07 30445928.33963714
1.2805087496773324e-07 30451514.745526437
1.0803315190764666e-07 30456409.02427919
9.114472598521176e-08 30460711.28361514
7.6896405670187e-08 30464568.798582576
6.487547294786275e-08 30468220.842140343
5.473372849520129e-08 30472079.275153313
4.617740571069106e-08 30476882.76713184
3.8958661446875604e-08 30484030.746321525
3.2868396965420546e-08 30496831.264120247
2.773020116591061e-08 30515174.119474903
2.3395240647448208e-08 30525356.888168123
1.9737948588157647e-08 30525680.966965053
1.6652387566325286e-08 30525812.951014727
1.4049180968354548e-08 30525948.39395144
1.185292409844697e-08 30526152.691341247
1e-08 30527086.113448933
