1000.0 0.0
843.6736721624843 0.0
711.7852651001311 0.0
600.514488398175 33.316262263422885
506.6382636136639 197.26774755418145
427.43736432096637 826.0986716840499
360.61765077612336 3579.9264653079895
304.2436176769003 12693.561857907795
256.68233015746944 38695.50396837892
216.55612406317545 99055.19093033286
182.70270041765377 211562.4815276278
154.14145817536422 405100.81808456045
130.04509005129006 728019.5554200171
109.71561867027283 1211258.4040977024
92.56417889712792 1869349.3199138762
78.09396072084505 2754682.092889965
65.88581861506815 3907341.131083616
55.58613053440591 5297276.852721268
46.89655486926544 6974814.862268425
39.56538865832268 8945899.811932715
33.38027673990301 11152686.13305049
28.162060654953933 13632287.035334678
23.75958912842765 16249355.116321644
20.045339809052397 19116939.687978763
16.91172544644807 22041990.82381131
14.267977510008572 25001303.71955399
12.037516980200671 27973094.951850872
10.15573615440418 30879949.284098096
8.568127214899482 33721867.73523216
7.228703350949566 36453120.807149574
6.098666701068889 39140140.59718299
5.145284530985853 41587521.62707621
4.340941094577661 43841365.01725923
3.662337713903369 45794542.31861061
3.0898179077880137 47637904.350096434
2.6067980205769232 49266330.710556634
2.199286858606028 50660411.035403214
1.8554804201388422 51921272.43765481
1.5654199796841293 52924044.01648959
1.3207036227366309 53772242.43199586
1.1142428752325098 54500214.81306616
0.9400573782282965 55191685.152029365
0.7931016603333043 55510734.19630614
0.6691189901715636 55823193.395635486
0.5645180755516963 56091863.641300894
0.4762690378027984 56275666.819470204
0.40181564806038084 56310868.52286052
0.3390012833314499 56332374.46468735
0.28600645757603915 56271474.45838935
0.24129611832536074 55962002.65871557
0.20357518222611043 55459620.99321323
0.17175102154984984 55184981.77490821
0.1449018150486198 54953669.9253629
0.12224984640507819 54719843.39299841
0.10313897683787222 54524406.49169575
0.08701563933188906 54469299.74545172
0.07341280397070114 54340649.02474541
0.06193644990970605 54189637.87862898
0.05225415213602948 54119895.675682545
0.044085452418341206 54168659.20362258
0.0371937355307264 53962947.7290926
0.03137937543664821 53975125.879344404
0.02647395290480231 53973620.84787922
0.022335377063851233 53950559.85873289
0.018843769586593097 53866726.73616683
0.01589799228450474 53763399.58290723
0.013412717530678957 53696938.67876025
0.011315956652786067 53649219.00355348
0.009546974703287517 53628985.51189687
0.008054531205964922 53639811.72058536
0.006795395920083764 53683635.242233545
0.005733096629695033 53665568.99758954
0.004836862686437171 53808885.32652377
0.004080733704412147 53864845.26451979
0.003442807589518614 53664117.14925647
0.0029046061215980464 53636195.708878085
0.0024505397127942553 53672678.343919635
0.002067455838273129 53635415.629769705
0.0017442580591096614 53618755.40307691
0.0014715846019280557 53618781.04818317
0.0012415371850064104 53616317.52446231
0.0010474522360006322 53611804.17641232
0.0008837078743614585 53608803.72066026
0.0007455610674814366 53586517.21693374
0.0006290102436234454 53591456.5454352
0.000530679382065611 53603778.81458881
0.000447720223008213 53609534.81614557
0.0003777297646467455 53614113.427164674
0.0003186806576245907 53613798.69669451
0.00026886248066529384 53610029.183879055
0.00022683219636960338 53608052.72095007
0.00019137235207582543 53604975.96079306
0.00016145581502618347 53603010.90733278
0.00013621602035512702 53605986.80542195
0.00011492187010036997 53606640.36684253
9.695655615935915e-05 53607709.865487695
8.179969377519466e-05 53609143.8392683
6.90122480290852e-05 53610464.94476294
5.8223816718886485e-05 53611956.90642954
4.912190125853851e-05 53613892.86451036
4.144285481839414e-05 53615082.31605728
3.49642455095313e-05 53617047.11911397
2.9498413403416982e-05 53619060.66299602
2.488703475902785e-05 53621286.93118319
2.099653600438442e-05 53623377.18665126
1.7714224633510818e-05 53625471.66920485
1.4945024946065211e-05 53627809.11723306
1.2608724076806795e-05 53630398.774162695
1.063764854316312e-05 53632980.74350731
8.974704009584349e-06 53635253.0258526
7.5717214883374e-06 53637689.7391599
6.388062072657206e-06 53640379.498862416
5.389439786840596e-06 53643081.21568272
4.5469284558624015e-06 53645976.66675696
3.836123827417527e-06 53649018.5670131
3.2364366763473497e-06 53653487.10399694
2.7304964154553143e-06 53657747.10587046
2.3036479376536947e-06 53663407.169073865
1.943527114929826e-06 53670121.11657929
1.6397026580002055e-06 53678233.252352186
1.3833739627296195e-06 53688380.841515325
1.1671161911100658e-06 53699391.225744136
9.84665202794121e-07 53710531.46134696
8.307361074919334e-07 53722182.57233292
7.008701824056906e-07 53734778.05616464
5.913057204993992e-07 53747385.71878544
4.988690685844118e-07 53759432.8088032
4.2088269902088894e-07 53771060.98970331
3.55087652232611e-07 53781525.21750748
2.995781034986421e-07 53791053.293035686
2.527461586781722e-07 53799816.66757815
2.1323527981697548e-07 53807466.53789568
1.799009915577826e-07 53814122.89610186
1.5177773017322716e-07 53820510.86736091
1.2805087496773324e-07 53826167.95014469
1.0803315190764666e-07 53831775.40006429
9.114472598521176e-08 53836914.511854805
7.6896405670187e-08 53841676.90989504
6.487547294786275e-08 53846463.84489745
5.473372849520129e-08 53852359.17509684
4.617740571069106e-08 53858701.58231133
3.8958661446875604e-08 53867208.74743948
3.2868396965420546e-08 53879398.80853873
2.773020116591061e-08 53894710.69185361
2.3395240647448208e-08 53907800.94345187
1.9737948588157647e-08 53908208.70921723
1.6652387566325286e-08 53908445.456677556
1.4049180968354548e-08 53908706.536626264
1.185292409844697e-08 53909059.8606938
1e-08 53909725.232612096
