1000.0 0.0
843.6736721624843 0.0
711.7852651001311 0.0
600.514488398175 33.316262263422885
506.6382636136639 197.26774755418145
427.43736432096637 884.4289678195333
360.61765077612336 3943.320728895924
304.2436176769003 12660.53929538294
256.68233015746944 37294.26276586493
216.55612406317545 98899.59505236341
182.70270041765377 212706.4194213797
154.14145817536422 403021.6158688785
130.04509005129006 723173.2197565944
109.71561867027283 1207716.409434927
92.56417889712792 1870774.5064905402
78.09396072084505 2748911.4460166027
65.88581861506815 3881249.165849251
55.58613053440591 5271441.128626805
46.89655486926544 6962969.584130951
39.56538865832268 8909967.347960325
33.38027673990301 11104639.30896581
28.162060654953933 13553485.864817165
23.75958912842765 16172996.051834164
20.045339809052397 19000540.34235378
16.91172544644807 21862112.621458884
14.267977510008572 24799455.404981602
12.037516980200671 27788911.124127217
10.15573615440418 30682244.11596116
8.568127214899482 33449153.25106624
7.228703350949566 36129603.649854526
6.098666701068889 38807924.05215856
5.145284530985853 41239221.17394201
4.340941094577661 43480066.28848451
3.662337713903369 45442920.905990295
3.0898179077880137 47308016.937593654
2.6067980205769232 48906130.5416089
2.199286858606028 50318557.070528
1.8554804201388422 51627208.00273894
1.5654199796841293 52624375.32853267
1.3207036227366309 53434431.4500339
1.1142428752325098 54175456.089495294
0.9400573782282965 54866380.179800905
0.7931016603333043 55217138.44603167
0.6691189901715636 55639400.33137678
0.5645180755516963 55989849.69130861
0.4762690378027984 56238570.365368776
0.40181564806038084 56415403.22544947
0.3390012833314499 56594375.66945224
0.28600645757603915 56662538.14917993
0.24129611832536074 56603833.68686086
0.20357518222611043 56605382.64012805
0.17175102154984984 56517118.91159007
0.1449018150486198 56360033.229085095
0.12224984640507819 56316625.50344013
0.10313897683787222 56271403.29375543
0.08701563933188906 56197480.12280238
0.07341280397070114 56107397.772507414
0.06193644990970605 56103115.56686916
0.05225415213602948 56063018.62700159
0.044085452418341206 55895108.18574295
0.0371937355307264 55809756.03926056
0.03137937543664821 55748409.51455861
0.02647395290480231 55625694.784769855
0.022335377063851233 55536563.98527196
0.018843769586593097 55505781.92002003
0.01589799228450474 55424563.6371914
0.013412717530678957 55429062.22137432
0.011315956652786067 55409211.862786725
0.009546974703287517 55441878.1458441
0.008054531205964922 55248098.89189561
0.006795395920083764 55213640.73455844
0.005733096629695033 55206268.37617251
0.004836862686437171 55211910.13395604
0.004080733704412147 55193162.28472754
0.003442807589518614 55169541.950067215
0.0029046061215980464 55145420.2683694
0.0024505397127942553 55132298.77876571
0.002067455838273129 55113310.57555677
0.0017442580591096614 55088457.76400177
0.0014715846019280557 55090073.781222954
0.0012415371850064104 55080214.095438495
0.0010474522360006322 55073192.73711882
0.0008837078743614585 55065740.96238514
0.0007455610674814366 55054372.05556609
0.0006290102436234454 55064169.268789425
0.000530679382065611 55107906.37342406
0.000447720223008213 55110761.644776545
0.0003777297646467455 55111442.48007521
0.0003186806576245907 55112512.65893436
0.00026886248066529384 55111319.079402186
0.00022683219636960338 55073943.39037248
0.00019137235207582543 55061224.988967925
0.00016145581502618347 55058551.78172585
0.00013621602035512702 55060262.38395441
0.00011492187010036997 55061138.34654675
9.695655615935915e-05 55061150.68396265
8.179969377519466e-05 55057395.86966005
6.90122480290852e-05 55058301.9801301
5.8223816718886485e-05 55060229.3074216
4.912190125853851e-05 55061514.656775974
4.144285481839414e-05 55062350.456214376
3.49642455095313e-05 55064251.720229365
2.9498413403416982e-05 55066043.45048209
2.488703475902785e-05 55068226.706648685
2.099653600438442e-05 55070680.2387345
1.7714224633510818e-05 55073039.617795505
1.4945024946065211e-05 55075446.729352914
1.2608724076806795e-05 55077345.62720093
1.063764854316312e-05 55079533.5948028
8.974704009584349e-06 55081510.484713525
7.5717214883374e-06 55083804.74116808
6.388062072657206e-06 55086427.97658625
5.389439786840596e-06 55089144.15942185
4.5469284558624015e-06 55092026.98648293
3.836123827417527e-06 55095073.26298527
3.2364366763473497e-06 55099024.13638304
2.7304964154553143e-06 55103859.38325987
2.3036479376536947e-06 55109545.76300212
1.943527114929826e-06 55116278.18190989
1.6397026580002055e-06 55124478.25717364
1.3833739627296195e-06 55134642.06991727
1.1671161911100658e-06 55145695.710506886
9.84665202794121e-07 55156819.12158613
8.307361074919334e-07 55168470.48672095
7.008701824056906e-07 55181071.69169552
5.913057204993992e-07 55193650.104876734
4.988690685844118e-07 55205136.878557846
4.2088269902088894e-07 55216598.690983325
3.55087652232611e-07 55227063.358298555
2.995781034986421e-07 55236590.93109737
2.527461586781722e-07 55245354.320786096
2.1323527981697548e-07 55252999.992480986
1.799009915577826e-07 55259654.94527963
1.5177773017322716e-07 55266043.24081935
1.2805087496773324e-07 55271700.617648795
1.0803315190764666e-07 55277308.649029195
9.114472598521176e-08 55282447.82421581
7.6896405670187e-08 55287210.36389591
6.487547294786275e-08 55291997.21842662
5.473372849520129e-08 55297892.571246885
4.617740571069106e-08 55304234.97262028
3.8958661446875604e-08 55312742.25197236
3.2868396965420546e-08 55324932.374590255
2.773020116591061e-08 55340244.24834287
2.3395240647448208e-08 55353334.58476563
1.9737948588157647e-08 55353742.3505307
1.6652387566325286e-08 55353979.09799069
1.4049180968354548e-08 55354240.177939534
1.185292409844697e-08 55354593.50200716
1e-08 55355258.873925366
