1000.0 0.07700905718884718
843.6736721624843 0.6095343587438145
711.7852651001311 3.9049749129426146
600.514488398175 21.727079992319442
506.6382636136639 106.53241954667232
427.43736432096637 460.3385304214996
360.61765077612336 1739.827566671297
304.2436176769003 5770.684958464888
256.68233015746944 16954.051317109705
216.55612406317545 44547.5683296966
182.70270041765377 105637.02205076203
154.14145817536422 228033.01578643848
130.04509005129006 451785.3675962276
109.71561867027283 827966.5338300093
92.56417889712792 1414119.4692216425
78.09396072084505 2267027.1336628497
65.88581861506815 3434506.2605803693
55.58613053440591 4948245.77736118
46.89655486926544 6819307.442732295
39.56538865832268 9036964.426373558
33.38027673990301 11570436.077321503
28.162060654953933 14372408.768659249
23.75958912842765 17383444.816923574
20.045339809052397 20536767.572259117
16.91172544644807 23762881.998336934
14.267977510008572 26993648.985649586
12.037516980200671 30166049.971793782
10.15573615440418 33225534.077911183
8.568127214899482 36128058.65477383
7.228703350949566 38840548.65972774
6.098666701068889 41340287.61882001
5.145284530985853 43613556.90333115
4.340941094577661 45654054.404907115
3.662337713903369 47461931.30562395
3.0898179077880137 49043358.33784531
2.6067980205769232 50410168.115898594
2.199286858606028 51579011.51371557
1.8554804201388422 52570077.60111068
1.5654199796841293 53405487.85066338
1.3207036227366309 54107391.50296841
1.1142428752325098 54696282.072426185
0.9400573782282965 55189632.02198316
0.7931016603333043 55601970.77557462
0.6691189901715636 55945063.76332672
0.5645180755516963 56228121.4942625
0.4762690378027984 56458866.073361725
0.40181564806038084 56644143.723899
0.3390012833314499 56790294.24273357
0.28600645757603915 56903301.441916324
0.24129611832536074 56988792.939511955
0.20357518222611043 57051970.33793521
0.17175102154984984 57097519.79589344
0.1449018150486198 57129525.05164726
0.12224984640507819 57151423.51541751
0.10313897683787222 57166022.13220339
0.08701563933188906 57175539.49226371
0.07341280397070114 57181673.28157874
0.06193644990970605 57185707.464129165
0.05225415213602948 57188556.40689551
0.044085452418341206 57190817.96342087
0.0371937355307264 57192842.80235896
0.03137937543664821 57194794.07006269
0.02647395290480231 57196721.48052772
0.022335377063851233 57198622.81670226
0.018843769586593097 57200459.292190015
0.01589799228450474 57202175.48203078
0.013412717530678957 57203734.05056608
0.011315956652786067 57205104.95227859
0.009546974703287517 57206274.337704815
0.008054531205964922 57207245.85736835
0.006795395920083764 57208040.8105695
0.005733096629695033 57208691.76058914
0.004836862686437171 57209234.85876148
0.004080733704412147 57209704.83380549
0.003442807589518614 57210132.11241624
0.0029046061215980464 57210541.76053188
0.0024505397127942553 57210952.397962265
0.002067455838273129 57211376.82550297
0.0017442580591096614 57211822.750477195
0.0014715846019280557 57212293.86474577
0.0012415371850064104 57212791.12877105
0.0010474522360006322 57213313.736166425
0.0008837078743614585 57213859.91540988
0.0007455610674814366 57214427.30464175
0.0006290102436234454 57215013.287656955
0.000530679382065611 57215615.22472682
0.000447720223008213 57216230.5834497
0.0003777297646467455 57216856.98485061
0.0003186806576245907 57217492.184727274
0.00026886248066529384 57218134.206051335
0.00022683219636960338 57218782.043738335
0.00019137235207582543 57219437.55517551
0.00016145581502618347 57220108.933039896
0.00013621602035512702 57220814.90619204
0.00011492187010036997 57221587.46607875
9.695655615935915e-05 57222470.47542696
8.179969377519466e-05 57223513.14753952
6.90122480290852e-05 57224759.98544222
5.8223816718886485e-05 57226240.63869019
4.912190125853851e-05 57227963.0854466
4.144285481839414e-05 57229911.98248264
3.49642455095313e-05 57232052.00598743
2.9498413403416982e-05 57234334.63160514
2.488703475902785e-05 57236706.402295604
2.099653600438442e-05 57239117.09572707
1.7714224633510818e-05 57241526.806213796
1.4945024946065211e-05 57243911.38881499
1.2608724076806795e-05 57246265.80048292
1.063764854316312e-05 57248604.789106086
8.974704009584349e-06 57250960.60805133
7.5717214883374e-06 57253378.4562299
6.388062072657206e-06 57255912.36884912
5.389439786840596e-06 57258626.248659074
4.5469284558624015e-06 57261603.92446559
3.836123827417527e-06 57264966.17687911
3.2364366763473497e-06 57268883.96441378
2.7304964154553143e-06 57273573.32095082
2.3036479376536947e-06 57279264.37423924
1.943527114929826e-06 57286151.231111854
1.6397026580002055e-06 57294340.75379922
1.3833739627296195e-06 57303819.13354527
1.1671161911100658e-06 57314446.44860197
9.84665202794121e-07 57325977.842928365
8.307361074919334e-07 57338101.55043917
7.008701824056906e-07 57350481.74679445
5.913057204993992e-07 57362796.38930215
4.988690685844118e-07 57374764.53764898
4.2088269902088894e-07 57386161.858383656
3.55087652232611e-07 57396825.77483352
2.995781034986421e-07 57406653.491222456
2.527461586781722e-07 57415595.87558157
2.1323527981697548e-07 57423650.86873452
1.799009915577826e-07 57430857.727877095
1.5177773017322716e-07 57437293.70728637
1.2805087496773324e-07 57443073.4778009
1.0803315190764666e-07 57448351.168647006
9.114472598521176e-08 57453324.9535008
7.6896405670187e-08 57458235.36836199
6.487547294786275e-08 57463355.07415114
5.473372849520129e-08 57468984.363111556
4.617740571069106e-08 57475519.89888589
3.8958661446875604e-08 57483744.71435239
3.2868396965420546e-08 57496086.55694983
2.773020116591061e-08 57513764.84100594
2.3395240647448208e-08 57524228.892136425
1.9737948588157647e-08 57524797.62580489
1.6652387566325286e-08 57525036.32746701
1.4049180968354548e-08 57525352.64637656
1.185292409844697e-08 57525867.224015206
1e-08 57527106.56498615
