1000.0 0.0
843.6736721624843 0.0
711.7852651001311 0.0
600.514488398175 40.18015365511257
506.6382636136639 334.1170247924641
427.43736432096637 1259.4461452727678
360.61765077612336 4377.265915948052
304.2436176769003 15092.52412000657
256.68233015746944 43102.57111686308
216.55612406317545 100795.69596898904
182.70270041765377 214366.03450745842
154.14145817536422 418339.7038290142
130.04509005129006 727489.8738919824
109.71561867027283 1197496.9867647542
92.56417889712792 1883346.701556066
78.09396072084505 2759618.325898611
65.88581861506815 3930582.1819736757
55.58613053440591 5338064.653090267
46.89655486926544 7026720.027052431
39.56538865832268 8947097.17930759
33.38027673990301 11102775.604184723
28.162060654953933 13517642.650613507
23.75958912842765 16190577.210576324
20.045339809052397 18994492.245458055
16.91172544644807 21940433.32650298
14.267977510008572 24864980.78246406
12.037516980200671 27882175.057788823
10.15573615440418 30799578.72924442
8.568127214899482 33634604.88657216
7.228703350949566 36382192.81178854
6.098666701068889 38953772.97777266
5.145284530985853 41370498.96005978
4.340941094577661 43602448.686176606
3.662337713903369 45604770.39304824
3.0898179077880137 47367511.696546994
2.6067980205769232 49086218.33473285
2.199286858606028 50465388.196267076
1.8554804201388422 51599427.7206256
1.5654199796841293 52637714.65822733
1.3207036227366309 53458655.22314388
1.1142428752325098 54162941.99435915
0.9400573782282965 54852286.86560123
0.7931016603333043 55230722.88236555
0.6691189901715636 55595716.53125922
0.5645180755516963 55880478.2894214
0.4762690378027984 56032267.84780869
0.40181564806038084 56130173.28411226
0.3390012833314499 56285070.621046014
0.28600645757603915 56277236.25376261
0.24129611832536074 56270194.85637002
0.20357518222611043 56333022.20667285
0.17175102154984984 56308985.491914906
0.1449018150486198 56226814.90806219
0.12224984640507819 56163982.75181707
0.10313897683787222 56067734.60187932
0.08701563933188906 56007534.36128518
0.07341280397070114 55881206.51946741
0.06193644990970605 55865150.652067006
0.05225415213602948 55735316.91491849
0.044085452418341206 55656066.25985927
0.0371937355307264 55554109.65437981
0.03137937543664821 55443856.96415186
0.02647395290480231 55450351.1880861
0.022335377063851233 55377120.80625719
0.018843769586593097 55335744.995171905
0.01589799228450474 55325349.74948434
0.013412717530678957 55191049.42735394
0.011315956652786067 55196297.72129199
0.009546974703287517 55116575.70689928
0.008054531205964922 55068909.18080721
0.006795395920083764 55035768.01571812
0.005733096629695033 55060156.90865644
0.004836862686437171 55044389.31408044
0.004080733704412147 54935440.295429155
0.003442807589518614 54917544.93717708
0.0029046061215980464 54909629.923172645
0.0024505397127942553 54895028.11266667
0.002067455838273129 54881312.434120074
0.0017442580591096614 54867574.42768091
0.0014715846019280557 54860975.661668174
0.0012415371850064104 54854913.15175792
0.0010474522360006322 54848318.99008065
0.0008837078743614585 54861073.40182708
0.0007455610674814366 54860513.12307471
0.0006290102436234454 54856564.57382652
0.000530679382065611 54850404.19401142
0.000447720223008213 54849086.95549915
0.0003777297646467455 54851618.468053915
0.0003186806576245907 54853626.05868008
0.00026886248066529384 54846713.43625835
0.00022683219636960338 54838995.87095068
0.00019137235207582543 54837705.565525405
0.00016145581502618347 54833776.09106518
0.00013621602035512702 54838531.04173397
0.00011492187010036997 54834189.44780891
9.695655615935915e-05 54833815.04005439
8.179969377519466e-05 54830065.19450025
6.90122480290852e-05 54828810.242912136
5.8223816718886485e-05 54829593.85337318
4.912190125853851e-05 54829805.38388719
4.144285481839414e-05 54831429.916805595
3.49642455095313e-05 54833643.55115462
2.9498413403416982e-05 54833872.84486716
2.488703475902785e-05 54836950.2789997
2.099653600438442e-05 54839309.15569753
1.7714224633510818e-05 54841611.909353666
1.4945024946065211e-05 54844032.29395313
1.2608724076806795e-05 54847068.692062944
1.063764854316312e-05 54849735.62741639
8.974704009584349e-06 54851371.75252007
7.5717214883374e-06 54853541.43413996
6.388062072657206e-06 54856040.92665852
5.389439786840596e-06 54858506.90846526
4.5469284558624015e-06 54861390.09975179
3.836123827417527e-06 54864521.29916336
3.2364366763473497e-06 54868505.822260536
2.7304964154553143e-06 54873309.94321816
2.3036479376536947e-06 54878998.005199924
1.943527114929826e-06 54885747.70964194
1.6397026580002055e-06 54893913.72043054
1.3833739627296195e-06 54903981.44394481
1.1671161911100658e-06 54914972.146730736
9.84665202794121e-07 54926119.886684395
8.307361074919334e-07 54937749.359253794
7.008701824056906e-07 54950324.80536867
5.913057204993992e-07 54962801.13335675
4.988690685844118e-07 54974819.97815751
4.2088269902088894e-07 54986451.8847948
3.55087652232611e-07 54996907.03041294
2.995781034986421e-07 55006415.186901204
2.527461586781722e-07 55015163.5435682
2.1323527981697548e-07 55022802.851701275
1.799009915577826e-07 55029469.40618316
1.5177773017322716e-07 55035850.31502016
1.2805087496773324e-07 55041499.70385109
1.0803315190764666e-07 55047156.907710806
9.114472598521176e-08 55052261.601294495
7.6896405670187e-08 55057044.95591543
6.487547294786275e-08 55061840.19584738
5.473372849520129e-08 55067678.31549759
4.617740571069106e-08 55074053.40285725
3.8958661446875604e-08 55082518.20646643
3.2868396965420546e-08 55094674.04114668
2.773020116591061e-08 55109953.28926789
2.3395240647448208e-08 55123128.244039536
1.9737948588157647e-08 55123534.0429589
1.6652387566325286e-08 55123780.878383994
1.4049180968354548e-08 55124015.53575543
1.185292409844697e-08 55124348.75535369
1e-08 55125022.614445634
