1000.0 0.0
843.6736721624843 0.0
711.7852651001311 0.0
600.514488398175 0.0
506.6382636136639 0.0
427.43736432096637 0.0
360.61765077612336 0.0
304.2436176769003 0.0
256.68233015746944 0.0
216.55612406317545 0.0
182.70270041765377 0.0
154.14145817536422 0.0
130.04509005129006 43.601393315569055
109.71561867027283 376.24454817979677
92.56417889712792 1963.4935259435497
78.09396072084505 7062.417755797887
65.88581861506815 19029.091735221395
55.58613053440591 44936.67656274717
46.89655486926544 97176.52086379073
39.56538865832268 187879.13063876398
33.38027673990301 337586.04306208785
28.162060654953933 567243.9340235658
23.75958912842765 889269.1450670011
20.045339809052397 1320264.8033137212
16.91172544644807 1874098.8515461928
14.267977510008572 2555213.992395294
12.037516980200671 3362389.3913984587
10.15573615440418 4282615.37839947
8.568127214899482 5319083.411280564
7.228703350949566 6462178.7648722995
6.098666701068889 7684394.355403265
5.145284530985853 8974079.181212565
4.340941094577661 10317772.750182526
3.662337713903369 11674052.8145867
3.0898179077880137 13045116.532710781
2.6067980205769232 14407611.177505912
2.199286858606028 15725592.101685643
1.8554804201388422 16993112.39240789
1.5654199796841293 18210989.546383604
1.3207036227366309 19355452.537967544
1.1142428752325098 20429891.06567814
0.9400573782282965 21430216.601015497
0.7931016603333043 22351903.13423285
0.6691189901715636 23201716.69268226
0.5645180755516963 23973600.096436594
0.4762690378027984 24670865.317559093
0.40181564806038084 25304665.51969645
0.3390012833314499 25873989.43064
0.28600645757603915 26392256.591011446
0.24129611832536074 26862730.19218659
0.20357518222611043 27283606.024501465
0.17175102154984984 27655470.29975461
0.1449018150486198 27987932.12455289
0.12224984640507819 28280526.281867776
0.10313897683787222 28538948.193175312
0.08701563933188906 28764421.748733573
0.07341280397070114 28963094.087139383
0.06193644990970605 29135796.277311336
0.05225415213602948 29286224.181500178
0.044085452418341206 29417798.115826774
0.0371937355307264 29530282.544169664
0.03137937543664821 29630462.45673713
0.02647395290480231 29715956.47161532
0.022335377063851233 29789100.899456386
0.018843769586593097 29852674.088855058
0.01589799228450474 29906729.141125303
0.013412717530678957 29953014.02789119
0.011315956652786067 29994411.24887339
0.009546974703287517 30029412.33536091
0.008054531205964922 30059299.76720164
0.006795395920083764 30083812.28917443
0.005733096629695033 30104929.80679868
0.004836862686437171 30122766.736508343
0.004080733704412147 30137890.015011746
0.003442807589518614 30150993.358704325
0.0029046061215980464 30162480.172346365
0.0024505397127942553 30172081.860362586
0.002067455838273129 30180232.360040165
0.0017442580591096614 30187116.548580486
0.0014715846019280557 30192982.79192594
0.0012415371850064104 30198044.168699723
0.0010474522360006322 30202255.850414373
0.0008837078743614585 30206031.414826363
0.0007455610674814366 30209455.16764666
0.0006290102436234454 30212239.272870045
0.000530679382065611 30214659.496568244
0.000447720223008213 30216824.800750874
0.0003777297646467455 30218939.84842686
0.0003186806576245907 30220640.167456936
0.00026886248066529384 30222078.61411066
0.00022683219636960338 30223542.2687242
0.00019137235207582543 30225031.165793605
0.00016145581502618347 30226289.343975335
0.00013621602035512702 30227509.469186522
0.00011492187010036997 30228792.010008004
9.695655615935915e-05 30230002.552524157
8.179969377519466e-05 30231336.022001106
6.90122480290852e-05 30232808.87977859
5.8223816718886485e-05 30234616.015630804
4.912190125853851e-05 30236437.696039896
4.144285481839414e-05 30238550.61916024
3.49642455095313e-05 30240798.31399064
2.9498413403416982e-05 30243258.59801044
2.488703475902785e-05 30245774.41919031
2.099653600438442e-05 30248137.6771535
1.7714224633510818e-05 30250581.957978874
1.4945024946065211e-05 30253045.042166524
1.2608724076806795e-05 30255487.405896705
1.063764854316312e-05 30257873.61285988
8.974704009584349e-06 30260091.90902445
7.5717214883374e-06 30262494.79590114
6.388062072657206e-06 30265017.2757629
5.389439786840596e-06 30267759.04363831
4.5469284558624015e-06 30270736.713591393
3.836123827417527e-06 30273862.50636901
3.2364366763473497e-06 30277830.507191617
2.7304964154553143e-06 30282691.713486947
2.3036479376536947e-06 30288381.13193247
1.943527114929826e-06 30295121.129339546
1.6397026580002055e-06 30303297.258083828
1.3833739627296195e-06 30313372.393481508
1.1671161911100658e-06 30324365.704010822
9.84665202794121e-07 30335524.41163227
8.307361074919334e-07 30347161.819515575
7.008701824056906e-07 30359738.85888677
5.913057204993992e-07 30372329.984090254
4.988690685844118e-07 30384360.99597908
4.2088269902088894e-07 30395986.480387054
3.55087652232611e-07 30406439.043541335
2.995781034986421e-07 30415937.090623725
2.527461586781722e-07 30424673.72600313
2.1323527981697548e-07 30432288.541685592
1.799009915577826e-07 30438871.7449544
1.5177773017322716e-07 30445128.71008065
1.2805087496773324e-07 30450552.56848749
1.0803315190764666e-07 30455819.607166342
9.114472598521176e-08 30460361.363376353
7.6896405670187e-08 30464272.195553467
6.487547294786275e-08 30467876.888092462
5.473372849520129e-08 30472215.864088908
4.617740571069106e-08 30476897.93311545
3.8958661446875604e-08 30483935.107415073
3.2868396965420546e-08 30495732.990150396
2.773020116591061e-08 30512188.800419003
2.3395240647448208e-08 30525357.04954269
1.9737948588157647e-08 30525680.080738243
1.6652387566325286e-08 30525809.24515197
1.4049180968354548e-08 30525941.74341062
1.185292409844697e-08 30526134.547790475
1e-08 30526573.67751601
